0
-2.1 0.0 -0.1 -4.4 -0.0 -2.1 -0.1 0.9 -0.1 -0.1 2.1 13.8
1
2.2 0.0 0.2 1.1 0.0 -2.2 -0.0 0.6 0.2 0.0 -2.2 20.8
2
-2.2 -0.2 -0.2 0.2 0.2 -2.2 -0.1 0.4 -0.2 -0.2 2.2 25.9
7
-0.3 -0.3 2.1 -25.1 -0.1 -2.2 -0.3 1.4 2.2 -0.1 0.2 1.1
8
-0.2 -0.1 2.3 -39.8 -0.0 -2.3 -0.1 1.6 2.3 -0.0 0.2 -0.3
12
-0.2 -0.1 2.4 -64.1 -0.1 -2.4 -0.1 1.8 2.4 -0.1 0.2 3.1
13
-0.2 -0.1 2.2 -64.5 0.0 -2.2 -0.1 1.9 2.2 0.0 0.2 -2.4
14
-0.2 -0.1 2.3 -70.4 0.0 -2.3 -0.1 1.9 2.3 -0.0 0.2 -2.7
15
-0.2 -0.1 2.2 -84.7 -0.1 -2.2 -0.2 2.1 2.2 -0.1 0.2 0.9
16
2.0 -0.1 0.1 -78.8 -0.1 -2.0 0.1 1.8 0.1 -0.1 -2.0 10.8
17
-0.2 -0.1 2.2 -97.9 -0.0 -2.2 -0.1 2.4 2.2 -0.0 0.2 -5.1
18
2.2 -0.1 0.2 -80.6 -0.1 -2.2 0.0 1.6 0.2 -0.0 -2.2 31.3
19
2.0 0.1 0.1 -73.4 0.1 -2.0 -0.0 1.7 0.1 0.0 -2.0 14.3
27
2.2 0.0 0.3 -78.2 0.0 -2.2 0.0 0.7 0.3 0.0 -2.2 70.0
28
2.4 -0.0 0.6 -80.2 0.0 -2.5 -0.1 0.5 0.6 0.1 -2.4 80.4
30
2.2 -0.1 0.4 -85.4 -0.1 -2.3 -0.0 0.6 0.4 0.0 -2.2 78.2
32
1.7 -0.1 1.2 -94.9 -0.1 -2.1 -0.1 0.1 1.2 0.0 -1.7 112.6
33
1.6 0.0 -1.9 -97.4 -0.0 -2.5 -0.0 -0.1 -1.9 0.1 -1.6 127.1
34
-1.4 -0.1 1.6 -129.2 -0.0 -2.2 -0.2 1.2 1.6 -0.2 1.4 99.8
35
-1.4 -0.1 1.6 -154.0 0.0 -2.1 -0.2 2.1 1.6 -0.1 1.4 78.9
47
-1.8 0.1 -1.7 -152.2 0.0 -2.4 -0.1 3.3 -1.7 -0.1 1.8 11.1
48
-1.8 0.0 -1.4 -149.4 0.1 -2.3 -0.2 3.4 -1.4 -0.2 1.8 7.5
49
0.1 -0.1 2.2 -137.0 -0.1 -2.2 -0.1 3.2 2.2 -0.1 -0.1 -3.0
51
-0.4 -0.1 2.1 -129.5 -0.1 -2.1 -0.1 3.2 2.1 -0.1 0.4 -7.5
52
-1.9 -0.0 -0.1 -147.0 0.1 -1.9 -0.1 3.9 -0.1 -0.1 1.9 -22.1
53
-2.0 -0.1 -0.2 -146.6 0.1 -2.0 -0.2 3.9 -0.2 -0.2 2.0 -27.8
54
-2.2 -0.1 -0.2 -151.3 0.1 -2.2 -0.1 4.1 -0.2 -0.1 2.2 -31.6
55
-1.9 -0.3 -0.1 -145.8 0.3 -1.9 -0.1 4.0 -0.0 -0.1 1.9 -33.1
71
-0.3 -0.0 2.3 -123.3 -0.1 -2.4 -0.1 4.5 2.3 -0.1 0.3 -82.3
77
-0.1 -0.1 2.6 -106.2 -0.2 -2.6 -0.1 4.1 2.6 -0.2 0.1 -80.9
78
-2.1 0.0 -0.1 -106.8 -0.0 -2.1 0.0 4.7 -0.1 0.0 2.1 -91.4
79
-0.3 -0.0 2.1 -99.5 -0.2 -2.1 -0.0 4.1 2.1 -0.2 0.3 -80.4
91
-2.1 -0.1 -0.2 -50.5 0.1 -2.1 0.1 3.6 -0.2 0.1 2.1 -87.0
94
-0.2 -0.0 2.2 -42.9 -0.1 -2.2 -0.1 2.9 2.2 -0.2 0.2 -75.8
97
2.3 -0.0 0.2 -43.2 -0.0 -2.3 -0.0 3.5 0.2 0.0 -2.3 -86.5
99
-2.0 0.0 -0.2 -34.0 -0.0 -2.0 -0.0 3.3 -0.2 -0.0 2.0 -85.8
100
-2.4 0.0 -0.1 -27.0 0.0 -2.4 -0.0 3.0 -0.1 -0.0 2.4 -85.2
101
-2.3 -0.1 -0.3 -36.6 0.1 -2.3 -0.1 3.5 -0.3 -0.1 2.3 -85.6
